100206
122317
143830
169949
199655
360030
561444
660951
770352
887373
100307
122418
144125
170631
200008
362034
561949
663755
771354
888678
100408
122620
144731
171330
200210
366446
562345
664757
773257
889579
100610
122822
144832
171532
200311
368551
562446
665254
774663
891667
101107
123117
144933
172433
200513
368753
565452
667056
779370
894067
101309
123521
145127
172635
200917
376247
566454
668361
782561
894673
101915
123723
145632
173233
201111
378756
567052
671855
783462
894774
102109
123824
146432
173637
201515
385046
567759
672756
784565
896778
102513
123925
146533
173738
202113
392447
567961
673455
786569
896879
102614
124422
146634
173839
202719
392750
568963
675661
788674
898176
102715
124624
146735
174437
202820
394956
569965
677766
788876
899885
103010
125222
146836
174841
203923
397760
570243
677968
789373
901038
103111
125424
146937
175136
204218
401422
571144
679568
792564
901139
103212
125525
147636
175237
204319
413934
571548
679770
792766
901442
103414
126325
147737
175338
204420
414229
572045
680250
792867
902242
103818
126426
148133
175742
204622
419239
573249
680452
793465
904044
104416
127226
148335
176037
206222
421226
573451
680957
800941
905147
105014
127327
148436
176239
206323
453542
576255
683256
802844
907656
105115
127630
148840
176441
206525
454140
578057
685058
803240
908860
105620
127731
149236
176542
206727
461743
578158
686969
804646
910241
106016
127832
149337
176744
206828
462139
579665
687163
809252
910443
106824
127933
149539
176845
206929
463040
579867
688569
810439
911849
107018
128026
149741
177140
207123
468050
580044
690152
810843
912447
107725
128127
149842
177241
207426
469961
580347
692964
812746
917255
108020
128632
150019
177342
208125
480141
580650
693461
814548
917558
108222
128935
150928
178243
208226
481042
580751
693764
814649
919966
108828
129028
151021
178647
208630
481951
581349
694362
815247
922854
109830
129129
151324
178950
209127
485757
581450
695768
816653
923755
110007
129331
151425
179245
209228
486759
583858
698168
818455
926862
110411
129634
151526
179952
209329
492754
585256
700634
818859
927359
110613
129937
151627
180230
210112
495255
585862
701535
820745
929464
111009
130013
151829
180533
211417
497865
586460
702133
825048
930449
111211
130114
151930
180735
211619
499566
587664
704238
825553
932554
111312
130316
152225
181636
211720
500222
588565
705341
825654
933253
111716
130417
152427
182032
211821
506234
589567
706040
826353
937160
112112
130518
153025
182436
212015
510225
590047
707749
826454
942658
112314
130619
153126
183337
212318
510326
592455
709551
827052
943862
112516
130720
153227
183741
212823
512835
594156
713239
828862
947668
112920
130821
153631
185038
213017
513130
597869
715041
832651
951457
113316
131217
153934
185341
213421
513736
598568
715647
833148
952863
113619
131419
154229
185846
213522
516742
599065
715950
833249
955465
113922
131722
154330
185947
214423
517239
599469
720337
835657
957974
114116
131823
154532
186040
214524
518746
599671
723141
837560
958976
114217
132017
154734
186444
214625
519647
601127
724446
837964
959574
114318
133019
155938
186545
219231
519950
604537
725751
841349
962058
114419
133928
156031
186848
220721
520228
609143
727553
843151
965367
114621
134021
156435
187345
221319
521331
611938
727654
844961
965771
114823
134223
156536
188145
223929
522434
613538
728454
845458
966975
115017
134425
156637
188347
227432
523032
614439
729254
849264
969476
115219
134627
157942
188448
227533
524135
615441
729557
849971
970764
115320
134728
158338
188549
228434
525541
615744
731140
852455
971160
115724
134829
158843
188751
236130
529549
616645
732243
856463
972566
115825
135124
159340
189450
237334
529953
617748
734045
856766
973770
116221
135225
159744
189652
238033
530635
618952
735148
856968
978578
116423
135629
159946
190031
239944
531536
620434
737960
857263
979984
116524
135730
160123
191235
245333
531940
622236
742549
859671
983773
116726
135932
160729
191942
248238
536647
623844
744553
861456
984472
117021
136126
160931
192035
248339
540436
626648
748258
865363
987074
117122
136631
161731
192136
255740
541640
627549
748662
867468
987983
117930
136732
161832
192237
257542
541943
627852
749058
869472
989987
118023
136833
162733
192540
257845
545345
628248
749361
870861
990366
118124
137229
162935
193441
257946
547046
633847
751348
871762
991267
118225
137431
163129
193845
263436
548250
634748
751550
871964
992673
118528
137532
164636
194443
274542
549757
635245
753150
872158
992774
118730
138130
165436
194746
280739
550439
638049
753251
872562
993675
118831
138332
165638
195445
281135
552241
644044
756055
872764
994273
118932
138534
165941
195950
286347
553344
644246
757764
873968
995174
119025
138837
166640
196346
298051
555348
645450
759869
877168
996782
119126
139435
167238
196750
299760
555651
645551
760551
877269
119732
139637
167440
196851
300719
555954
647858
761957
878776
120010
139839
168240
196952
314225
557857
654350
763557
878877
120111
140319
168745
198047
325129
558657
654552
765056
880157
120414
140925
168947
198249
329844
558960
654754
765864
882161
120717
141119
169040
198451
342129
559053
656253
766563
884064
121416
143224
169545
198653
349244
559457
656657
767464
885975
121921
143426
169747
199352
350330
561242
657659
769064
886674
101006
126628
150726
164131
179346
196144
211922
293748
346945
397154
101410
130922
151223
164939
179548
197348
212116
295146
348545
397861
102008
131924
151728
165032
180129
197550
212217
297655
351938
406432
102311
132118
152831
165840
180432
197651
212419
298455
352132
406836
102816
133625
153429
166438
180836
198350
214019
299154
352738
412528
103515
133827
153732
167036
180937
198855
214221
300618
353740
415837
104012
134324
153833
167743
181131
199150
214726
303119
355239
422632
104820
135528
154431
168139
181232
199251
217126
303624
356948
424939
105216
136227
154835
168341
182739
199453
217429
304020
358144
429040
105923
137027
154936
169343
182840
199958
224022
304727
361234
432332
106319
137128
155231
169444
183034
200109
231928
305830
361941
433839
106521
137633
155635
170934
185139
200614
233326
307127
365343
436239
107321
137936
156233
171431
185442
201414
246133
308129
366042
436845
107422
138231
156334
171633
186141
201818
249947
308331
371843
441939
108121
139233
157336
172029
187143
203418
250427
309636
377451
445543
108323
140117
157437
172130
187547
204016
250932
310621
378857
448347
108525
140420
158035
172332
187850
204521
251833
311320
379657
449753
109123
140824
158136
172534
189349
205119
255639
316633
380036
453441
111413
141422
158540
172938
191033
205220
256540
316835
381038
456346
111514
141826
159138
173132
191336
205725
268749
317332
381543
459453
112819
142828
159239
173334
191437
205826
268850
318637
382242
465852
113215
143325
159441
173435
191841
208024
270332
320826
385450
467351
113821
144226
160830
173536
192439
208327
275645
321323
386250
473952
117324
144428
161327
173940
192641
208428
280941
322224
387959
475855
119833
145834
161630
175035
192843
209834
283543
329440
389357
479762
120212
146129
162026
175439
193239
209935
284646
330324
390645
120515
146331
162228
175540
194140
210011
285345
333330
391748
121618
147030
162329
177645
194645
210415
285446
334635
393247
121719
148032
163331
177746
194847
210617
286650
336841
393550
123420
148941
163432
178142
195041
211114
287248
339847
395251
124220
150524
163836
178748
195647
211215
289555
341834
395756
124826
150625
164030
178849
195849
211316
290136
346137
395958